# Layer 1
# Weights
3.2763755278984980635
-5.1102435106446755242
-7.3849954238539750051

6.1209839127438030459
3.6515430620181161814
6.5293435645693103098

-7.4016274235091525924
3.3182778678611839496
4.9905516782386536434

-5.5818898295400725118
6.4046266327091716519
-3.8179742958730038538

-9.3808969559370289915
0.39561337312786792886
3.4307815387915114869

# Layer 2
# Weights
6.0233512337178236606
0.91096421731877186279
-2.3722592807013973548
3.8354032424806918655
-2.4599641250599422193

2.4693341819887271171
-2.7053693473300333139
-4.0949443798244198334
1.9300717644728655475
5.0751555086104964687

3.5456431321804555701
1.9407614541565283428
0.062831544217157905829
-4.2218833219683684632
4.9979176509801801487

-0.75662919989865262682
0.58717464477603309447
-4.8851180843588695168
-5.371505728715397332
-4.3223867143876466557

-0.5142157697235917313
2.761625729142286545
4.0179806650660907508
0.33643382236648761152
4.6900302053384725909

# Layer 3
# Weights
1.6026950970865647683
0.85780252068647810937
0.51980271986534054562
0.61239761143020376988
4.6949464569809862269

-0.61541924058569841272
0.79769403315274389765
0.035287104163178067973
-1.4071660735479065707
-4.50928058571004442
