# Layer 1
# Weights
000011.0100011100
111010.1110010000
111000.1001110110

000110.0001111100
000011.1010011100
000110.1000011111

111000.1001100101
000011.0101000110
000100.1111110111

111010.0110101101
000110.0110011111
111100.0010111011

110110.1001111010
000000.0110010110
000011.0110111010

# Layer 2
# Weights
000110.0000011000
000000.1110100101
111101.1010000011
000011.1101011000
111101.1000101001

000010.0111100001
111101.0100101110
111011.1110011111
000001.1110111001
000101.0001001101

000011.1000101111
000001.1111000100
000000.0001000001
111011.1100011101
000100.1111111110

111111.0011111010
000000.1001011010
111011.0001110110
111010.1010000100
111011.1010110110

111111.0111110010
000010.1100001100
000100.0000010011
000000.0101011001
000100.1011000011

# Layer 3
# Weights
000001.1001101010
000000.1101101111
000000.1000010101
000000.1001110100
000100.1011001000

111111.0110001010
000000.1100110001
000000.0000100101
111110.1001100000
111011.0111110111
